(kicad_pcb (version 20171130) (host pcbnew "(5.1.9)-1")

  (general
    (thickness 1.6)
    (drawings 55)
    (tracks 451)
    (zones 0)
    (modules 34)
    (nets 49)
  )

  (page A4)
  (layers
    (0 F.Cu signal)
    (31 B.Cu signal)
    (32 B.Adhes user)
    (33 F.Adhes user)
    (34 B.Paste user)
    (35 F.Paste user)
    (36 B.SilkS user)
    (37 F.SilkS user)
    (38 B.Mask user)
    (39 F.Mask user)
    (40 Dwgs.User user)
    (41 Cmts.User user)
    (42 Eco1.User user)
    (43 Eco2.User user)
    (44 Edge.Cuts user)
    (45 Margin user)
    (46 B.CrtYd user)
    (47 F.CrtYd user)
    (48 B.Fab user)
    (49 F.Fab user)
  )

  (setup
    (last_trace_width 0.25)
    (user_trace_width 0.508)
    (user_trace_width 0.762)
    (trace_clearance 0.2)
    (zone_clearance 0.508)
    (zone_45_only no)
    (trace_min 0.2)
    (via_size 0.8)
    (via_drill 0.4)
    (via_min_size 0.4)
    (via_min_drill 0.3)
    (uvia_size 0.3)
    (uvia_drill 0.1)
    (uvias_allowed no)
    (uvia_min_size 0.2)
    (uvia_min_drill 0.1)
    (edge_width 0.05)
    (segment_width 0.2)
    (pcb_text_width 0.3)
    (pcb_text_size 1.5 1.5)
    (mod_edge_width 0.12)
    (mod_text_size 1 1)
    (mod_text_width 0.15)
    (pad_size 3.25 2.15)
    (pad_drill 0)
    (pad_to_mask_clearance 0)
    (aux_axis_origin 0 0)
    (visible_elements 7FFFFFFF)
    (pcbplotparams
      (layerselection 0x010fc_ffffffff)
      (usegerberextensions false)
      (usegerberattributes true)
      (usegerberadvancedattributes true)
      (creategerberjobfile true)
      (excludeedgelayer true)
      (linewidth 0.100000)
      (plotframeref false)
      (viasonmask false)
      (mode 1)
      (useauxorigin false)
      (hpglpennumber 1)
      (hpglpenspeed 20)
      (hpglpendiameter 15.000000)
      (psnegative false)
      (psa4output false)
      (plotreference true)
      (plotvalue true)
      (plotinvisibletext false)
      (padsonsilk false)
      (subtractmaskfromsilk false)
      (outputformat 1)
      (mirror false)
      (drillshape 0)
      (scaleselection 1)
      (outputdirectory "gerber/"))
  )

  (net 0 "")
  (net 1 Earth)
  (net 2 +5V)
  (net 3 /RESET)
  (net 4 +3V3)
  (net 5 "Net-(C4-Pad1)")
  (net 6 "Net-(C5-Pad1)")
  (net 7 "Net-(C7-Pad1)")
  (net 8 "Net-(C9-Pad1)")
  (net 9 +3.3VA)
  (net 10 "Net-(D1-Pad1)")
  (net 11 "Net-(D2-Pad1)")
  (net 12 "Net-(D3-Pad1)")
  (net 13 "Net-(J1-Pad4)")
  (net 14 "Net-(J1-Pad3)")
  (net 15 /PB10)
  (net 16 /PB2)
  (net 17 /PB1)
  (net 18 /PB0)
  (net 19 /PA7)
  (net 20 /PA6)
  (net 21 /PA5)
  (net 22 /PA4)
  (net 23 /PA3)
  (net 24 /PA2)
  (net 25 /PA1)
  (net 26 /PA0)
  (net 27 /PC13)
  (net 28 /SWCLK)
  (net 29 /SWDIO)
  (net 30 /PB11)
  (net 31 /PB12)
  (net 32 /PB13)
  (net 33 /PB14)
  (net 34 /PB15)
  (net 35 /PA8)
  (net 36 /PA9)
  (net 37 /PA10)
  (net 38 /PA11)
  (net 39 /PA12)
  (net 40 /PA15)
  (net 41 /PB3)
  (net 42 /PB4)
  (net 43 /PB5)
  (net 44 /PB6)
  (net 45 /PB7)
  (net 46 /BOOT0)
  (net 47 /PB9)
  (net 48 /BOOT1)

  (net_class Default "This is the default net class."
    (clearance 0.2)
    (trace_width 0.25)
    (via_dia 0.8)
    (via_drill 0.4)
    (uvia_dia 0.3)
    (uvia_drill 0.1)
    (add_net +3.3VA)
    (add_net +3V3)
    (add_net +5V)
    (add_net /BOOT0)
    (add_net /BOOT1)
    (add_net /PA0)
    (add_net /PA1)
    (add_net /PA10)
    (add_net /PA11)
    (add_net /PA12)
    (add_net /PA15)
    (add_net /PA2)
    (add_net /PA3)
    (add_net /PA4)
    (add_net /PA5)
    (add_net /PA6)
    (add_net /PA7)
    (add_net /PA8)
    (add_net /PA9)
    (add_net /PB0)
    (add_net /PB1)
    (add_net /PB10)
    (add_net /PB11)
    (add_net /PB12)
    (add_net /PB13)
    (add_net /PB14)
    (add_net /PB15)
    (add_net /PB2)
    (add_net /PB3)
    (add_net /PB4)
    (add_net /PB5)
    (add_net /PB6)
    (add_net /PB7)
    (add_net /PB9)
    (add_net /PC13)
    (add_net /RESET)
    (add_net /SWCLK)
    (add_net /SWDIO)
    (add_net Earth)
    (add_net "Net-(C4-Pad1)")
    (add_net "Net-(C5-Pad1)")
    (add_net "Net-(C7-Pad1)")
    (add_net "Net-(C9-Pad1)")
    (add_net "Net-(D1-Pad1)")
    (add_net "Net-(D2-Pad1)")
    (add_net "Net-(D3-Pad1)")
    (add_net "Net-(J1-Pad3)")
    (add_net "Net-(J1-Pad4)")
  )

  (module mod:SOT-223-4 (layer B.Cu) (tedit 6033E11A) (tstamp 60343B56)
    (at 66.04 88.9 90)
    (path /604E05D4)
    (attr smd)
    (fp_text reference U1 (at 0 5.375 -90) (layer B.SilkS)
      (effects (font (size 1 1) (thickness 0.15)) (justify mirror))
    )
    (fp_text value LM1117-3.3 (at 0.075 -5.475 -90) (layer B.Fab)
      (effects (font (size 1 1) (thickness 0.15)) (justify mirror))
    )
    (fp_line (start -3.65 4.225) (end 3.65 4.225) (layer B.CrtYd) (width 0.1))
    (fp_line (start -3.65 -4.225) (end -3.65 4.225) (layer B.CrtYd) (width 0.1))
    (fp_line (start 3.65 -4.225) (end -3.65 -4.225) (layer B.CrtYd) (width 0.1))
    (fp_line (start 3.65 4.225) (end 3.65 -4.225) (layer B.CrtYd) (width 0.1))
    (fp_line (start -3.475 -1.35) (end -3.475 -1.6) (layer B.SilkS) (width 0.1))
    (fp_line (start -3.475 -1.6) (end -3.15 -1.975) (layer B.SilkS) (width 0.1))
    (fp_line (start -3.15 -1.975) (end -2.85 -1.975) (layer B.SilkS) (width 0.1))
    (fp_line (start -2.85 -1.975) (end -2.85 -3.425) (layer B.SilkS) (width 0.1))
    (fp_line (start -3.075 -1.85) (end 3.35 -1.85) (layer B.Fab) (width 0.1))
    (fp_line (start -3.35 -1.525) (end -3.35 1.85) (layer B.Fab) (width 0.1))
    (fp_line (start -3.35 -1.525) (end -3.075 -1.85) (layer B.Fab) (width 0.1))
    (fp_line (start -3.025 1.975) (end -3.475 1.975) (layer B.SilkS) (width 0.1))
    (fp_line (start -3.475 1.975) (end -3.475 1.6) (layer B.SilkS) (width 0.1))
    (fp_line (start 3.475 -1.625) (end 3.475 -1.975) (layer B.SilkS) (width 0.1))
    (fp_line (start 3.475 -1.975) (end 3.125 -1.975) (layer B.SilkS) (width 0.1))
    (fp_line (start 3.15 1.975) (end 3.475 1.975) (layer B.SilkS) (width 0.1))
    (fp_line (start 3.475 1.975) (end 3.475 1.675) (layer B.SilkS) (width 0.1))
    (fp_line (start 3.35 1.85) (end 3.35 -1.85) (layer B.Fab) (width 0.1))
    (fp_line (start -3.35 1.85) (end 3.35 1.85) (layer B.Fab) (width 0.1))
    (fp_text user %R (at 0.1 -0.05 -90) (layer B.Fab)
      (effects (font (size 0.75 0.75) (thickness 0.075)) (justify mirror))
    )
    (pad 4 smd rect (at 0 2.9 90) (size 3.25 2.15) (layers B.Cu B.Paste B.Mask)
      (net 4 +3V3))
    (pad 1 smd rect (at -2.3 -2.9 90) (size 0.95 2.15) (layers B.Cu B.Paste B.Mask)
      (net 1 Earth) (solder_mask_margin 0.07))
    (pad 2 smd rect (at 0 -2.9 90) (size 0.95 2.15) (layers B.Cu B.Paste B.Mask)
      (net 4 +3V3) (solder_mask_margin 0.07))
    (pad 3 smd rect (at 2.3 -2.9 90) (size 0.95 2.15) (layers B.Cu B.Paste B.Mask)
      (net 2 +5V) (solder_mask_margin 0.07))
  )

  (module FSM4JH:FSM4JH (layer F.Cu) (tedit 60339EC8) (tstamp 6033C8B2)
    (at 62.484 56.896 270)
    (descr FSM4JH)
    (tags Switch)
    (path /6035339B)
    (fp_text reference S1 (at -0.45433 -0.00933 90) (layer F.SilkS)
      (effects (font (size 1.27 1.27) (thickness 0.254)))
    )
    (fp_text value FSM4JH (at -0.45433 -0.00933 90) (layer F.SilkS) hide
      (effects (font (size 1.27 1.27) (thickness 0.254)))
    )
    (fp_line (start -2.995 -2.995) (end 2.995 -2.995) (layer Dwgs.User) (width 0.254))
    (fp_line (start 2.995 -2.995) (end 2.995 2.995) (layer Dwgs.User) (width 0.254))
    (fp_line (start 2.995 2.995) (end -2.995 2.995) (layer Dwgs.User) (width 0.254))
    (fp_line (start -2.995 2.995) (end -2.995 -2.995) (layer Dwgs.User) (width 0.254))
    (fp_line (start -2.5 -2.995) (end 2.5 -2.995) (layer F.SilkS) (width 0.254))
    (fp_line (start -2.995 -1.25567) (end -2.995 1.18) (layer F.SilkS) (width 0.254))
    (fp_line (start 2.995 -1.31233) (end 2.995 1.27933) (layer F.SilkS) (width 0.254))
    (fp_line (start -2.5 2.995) (end 2.5 2.995) (layer F.SilkS) (width 0.254))
    (fp_circle (center -4.504335 -2.75667) (end -4.60367 -2.75667) (layer F.SilkS) (width 0.254))
    (pad 4 thru_hole circle (at 3.25 2.25) (size 1.5 1.5) (drill 1) (layers *.Cu *.Mask F.SilkS)
      (net 3 /RESET))
    (pad 3 thru_hole circle (at -3.25 2.25) (size 1.5 1.5) (drill 1) (layers *.Cu *.Mask F.SilkS)
      (net 1 Earth))
    (pad 2 thru_hole circle (at 3.25 -2.25) (size 1.5 1.5) (drill 1) (layers *.Cu *.Mask F.SilkS)
      (net 3 /RESET))
    (pad 1 thru_hole circle (at -3.25 -2.25) (size 1.5 1.5) (drill 1) (layers *.Cu *.Mask F.SilkS)
      (net 1 Earth))
  )

  (module STM32G431C6T6:QFP50P900X900X160-48N (layer F.Cu) (tedit 60339533) (tstamp 6033C657)
    (at 69.85 69.85 270)
    (descr "48-LQFP (7x7)")
    (tags "Integrated Circuit")
    (path /60339AE3)
    (attr smd)
    (fp_text reference IC1 (at 0 0 90) (layer F.SilkS)
      (effects (font (size 1.27 1.27) (thickness 0.254)))
    )
    (fp_text value STM32G431C6T6 (at 0 0 90) (layer F.SilkS) hide
      (effects (font (size 1.27 1.27) (thickness 0.254)))
    )
    (fp_line (start -5.225 -5.225) (end 5.225 -5.225) (layer Dwgs.User) (width 0.05))
    (fp_line (start 5.225 -5.225) (end 5.225 5.225) (layer Dwgs.User) (width 0.05))
    (fp_line (start 5.225 5.225) (end -5.225 5.225) (layer Dwgs.User) (width 0.05))
    (fp_line (start -5.225 5.225) (end -5.225 -5.225) (layer Dwgs.User) (width 0.05))
    (fp_line (start -3.5 -3.5) (end 3.5 -3.5) (layer Dwgs.User) (width 0.1))
    (fp_line (start 3.5 -3.5) (end 3.5 3.5) (layer Dwgs.User) (width 0.1))
    (fp_line (start 3.5 3.5) (end -3.5 3.5) (layer Dwgs.User) (width 0.1))
    (fp_line (start -3.5 3.5) (end -3.5 -3.5) (layer Dwgs.User) (width 0.1))
    (fp_line (start -3.5 -3) (end -3 -3.5) (layer Dwgs.User) (width 0.1))
    (fp_line (start -3.15 -3.15) (end 3.15 -3.15) (layer F.SilkS) (width 0.2))
    (fp_line (start 3.15 -3.15) (end 3.15 3.15) (layer F.SilkS) (width 0.2))
    (fp_line (start 3.15 3.15) (end -3.15 3.15) (layer F.SilkS) (width 0.2))
    (fp_line (start -3.15 3.15) (end -3.15 -3.15) (layer F.SilkS) (width 0.2))
    (fp_circle (center -4.725 -3.5) (end -4.85 -3.5) (layer F.SilkS) (width 0.254))
    (pad 48 smd rect (at -2.75 -4.238 270) (size 0.3 1.475) (layers F.Cu F.Paste F.Mask)
      (net 4 +3V3))
    (pad 47 smd rect (at -2.25 -4.238 270) (size 0.3 1.475) (layers F.Cu F.Paste F.Mask)
      (net 1 Earth))
    (pad 46 smd rect (at -1.75 -4.238 270) (size 0.3 1.475) (layers F.Cu F.Paste F.Mask)
      (net 47 /PB9))
    (pad 45 smd rect (at -1.25 -4.238 270) (size 0.3 1.475) (layers F.Cu F.Paste F.Mask)
      (net 46 /BOOT0))
    (pad 44 smd rect (at -0.75 -4.238 270) (size 0.3 1.475) (layers F.Cu F.Paste F.Mask)
      (net 45 /PB7))
    (pad 43 smd rect (at -0.25 -4.238 270) (size 0.3 1.475) (layers F.Cu F.Paste F.Mask)
      (net 44 /PB6))
    (pad 42 smd rect (at 0.25 -4.238 270) (size 0.3 1.475) (layers F.Cu F.Paste F.Mask)
      (net 43 /PB5))
    (pad 41 smd rect (at 0.75 -4.238 270) (size 0.3 1.475) (layers F.Cu F.Paste F.Mask)
      (net 42 /PB4))
    (pad 40 smd rect (at 1.25 -4.238 270) (size 0.3 1.475) (layers F.Cu F.Paste F.Mask)
      (net 41 /PB3))
    (pad 39 smd rect (at 1.75 -4.238 270) (size 0.3 1.475) (layers F.Cu F.Paste F.Mask)
      (net 40 /PA15))
    (pad 38 smd rect (at 2.25 -4.238 270) (size 0.3 1.475) (layers F.Cu F.Paste F.Mask)
      (net 28 /SWCLK))
    (pad 37 smd rect (at 2.75 -4.238 270) (size 0.3 1.475) (layers F.Cu F.Paste F.Mask)
      (net 29 /SWDIO))
    (pad 36 smd rect (at 4.238 -2.75) (size 0.3 1.475) (layers F.Cu F.Paste F.Mask)
      (net 4 +3V3))
    (pad 35 smd rect (at 4.238 -2.25) (size 0.3 1.475) (layers F.Cu F.Paste F.Mask)
      (net 1 Earth))
    (pad 34 smd rect (at 4.238 -1.75) (size 0.3 1.475) (layers F.Cu F.Paste F.Mask)
      (net 39 /PA12))
    (pad 33 smd rect (at 4.238 -1.25) (size 0.3 1.475) (layers F.Cu F.Paste F.Mask)
      (net 38 /PA11))
    (pad 32 smd rect (at 4.238 -0.75) (size 0.3 1.475) (layers F.Cu F.Paste F.Mask)
      (net 37 /PA10))
    (pad 31 smd rect (at 4.238 -0.25) (size 0.3 1.475) (layers F.Cu F.Paste F.Mask)
      (net 36 /PA9))
    (pad 30 smd rect (at 4.238 0.25) (size 0.3 1.475) (layers F.Cu F.Paste F.Mask)
      (net 35 /PA8))
    (pad 29 smd rect (at 4.238 0.75) (size 0.3 1.475) (layers F.Cu F.Paste F.Mask)
      (net 34 /PB15))
    (pad 28 smd rect (at 4.238 1.25) (size 0.3 1.475) (layers F.Cu F.Paste F.Mask)
      (net 33 /PB14))
    (pad 27 smd rect (at 4.238 1.75) (size 0.3 1.475) (layers F.Cu F.Paste F.Mask)
      (net 32 /PB13))
    (pad 26 smd rect (at 4.238 2.25) (size 0.3 1.475) (layers F.Cu F.Paste F.Mask)
      (net 31 /PB12))
    (pad 25 smd rect (at 4.238 2.75) (size 0.3 1.475) (layers F.Cu F.Paste F.Mask)
      (net 30 /PB11))
    (pad 24 smd rect (at 2.75 4.238 270) (size 0.3 1.475) (layers F.Cu F.Paste F.Mask)
      (net 4 +3V3))
    (pad 23 smd rect (at 2.25 4.238 270) (size 0.3 1.475) (layers F.Cu F.Paste F.Mask)
      (net 1 Earth))
    (pad 22 smd rect (at 1.75 4.238 270) (size 0.3 1.475) (layers F.Cu F.Paste F.Mask)
      (net 15 /PB10))
    (pad 21 smd rect (at 1.25 4.238 270) (size 0.3 1.475) (layers F.Cu F.Paste F.Mask)
      (net 9 +3.3VA))
    (pad 20 smd rect (at 0.75 4.238 270) (size 0.3 1.475) (layers F.Cu F.Paste F.Mask)
      (net 9 +3.3VA))
    (pad 19 smd rect (at 0.25 4.238 270) (size 0.3 1.475) (layers F.Cu F.Paste F.Mask)
      (net 1 Earth))
    (pad 18 smd rect (at -0.25 4.238 270) (size 0.3 1.475) (layers F.Cu F.Paste F.Mask)
      (net 16 /PB2))
    (pad 17 smd rect (at -0.75 4.238 270) (size 0.3 1.475) (layers F.Cu F.Paste F.Mask)
      (net 17 /PB1))
    (pad 16 smd rect (at -1.25 4.238 270) (size 0.3 1.475) (layers F.Cu F.Paste F.Mask)
      (net 18 /PB0))
    (pad 15 smd rect (at -1.75 4.238 270) (size 0.3 1.475) (layers F.Cu F.Paste F.Mask)
      (net 19 /PA7))
    (pad 14 smd rect (at -2.25 4.238 270) (size 0.3 1.475) (layers F.Cu F.Paste F.Mask)
      (net 20 /PA6))
    (pad 13 smd rect (at -2.75 4.238 270) (size 0.3 1.475) (layers F.Cu F.Paste F.Mask)
      (net 21 /PA5))
    (pad 12 smd rect (at -4.238 2.75) (size 0.3 1.475) (layers F.Cu F.Paste F.Mask)
      (net 22 /PA4))
    (pad 11 smd rect (at -4.238 2.25) (size 0.3 1.475) (layers F.Cu F.Paste F.Mask)
      (net 23 /PA3))
    (pad 10 smd rect (at -4.238 1.75) (size 0.3 1.475) (layers F.Cu F.Paste F.Mask)
      (net 24 /PA2))
    (pad 9 smd rect (at -4.238 1.25) (size 0.3 1.475) (layers F.Cu F.Paste F.Mask)
      (net 25 /PA1))
    (pad 8 smd rect (at -4.238 0.75) (size 0.3 1.475) (layers F.Cu F.Paste F.Mask)
      (net 26 /PA0))
    (pad 7 smd rect (at -4.238 0.25) (size 0.3 1.475) (layers F.Cu F.Paste F.Mask)
      (net 3 /RESET))
    (pad 6 smd rect (at -4.238 -0.25) (size 0.3 1.475) (layers F.Cu F.Paste F.Mask)
      (net 8 "Net-(C9-Pad1)"))
    (pad 5 smd rect (at -4.238 -0.75) (size 0.3 1.475) (layers F.Cu F.Paste F.Mask)
      (net 7 "Net-(C7-Pad1)"))
    (pad 4 smd rect (at -4.238 -1.25) (size 0.3 1.475) (layers F.Cu F.Paste F.Mask)
      (net 6 "Net-(C5-Pad1)"))
    (pad 3 smd rect (at -4.238 -1.75) (size 0.3 1.475) (layers F.Cu F.Paste F.Mask)
      (net 5 "Net-(C4-Pad1)"))
    (pad 2 smd rect (at -4.238 -2.25) (size 0.3 1.475) (layers F.Cu F.Paste F.Mask)
      (net 27 /PC13))
    (pad 1 smd rect (at -4.238 -2.75) (size 0.3 1.475) (layers F.Cu F.Paste F.Mask)
      (net 4 +3V3))
  )

  (module Crystal:Crystal_SMD_Abracon_ABM7-2Pin_6.0x3.5mm (layer F.Cu) (tedit 5B7D6636) (tstamp 6033C4DD)
    (at 70.358 60.96 180)
    (descr "SMD Crystal Abracon ABM7, https://abracon.com/Resonators/abm7.pdf")
    (tags "SMD SMT crystal")
    (path /603488ED)
    (attr smd)
    (fp_text reference Y2 (at 0 -2.6) (layer F.SilkS)
      (effects (font (size 1 1) (thickness 0.15)))
    )
    (fp_text value 8MHz (at 0 2.8) (layer F.Fab)
      (effects (font (size 1 1) (thickness 0.15)))
    )
    (fp_line (start -3 -1.75) (end -3 1.75) (layer F.Fab) (width 0.1))
    (fp_line (start -3 1.75) (end 3 1.75) (layer F.Fab) (width 0.1))
    (fp_line (start 3 -1.75) (end 3 1.75) (layer F.Fab) (width 0.1))
    (fp_line (start -3 -1.75) (end 3 -1.75) (layer F.Fab) (width 0.1))
    (fp_line (start -3 -1.86) (end 3 -1.86) (layer F.SilkS) (width 0.12))
    (fp_line (start -3 1.86) (end 3 1.86) (layer F.SilkS) (width 0.12))
    (fp_line (start -3.35 -2) (end 3.35 -2) (layer F.CrtYd) (width 0.05))
    (fp_line (start -3.35 -2) (end -3.35 2) (layer F.CrtYd) (width 0.05))
    (fp_line (start 3.35 2) (end 3.35 -2) (layer F.CrtYd) (width 0.05))
    (fp_line (start 3.35 2) (end -3.35 2) (layer F.CrtYd) (width 0.05))
    (fp_text user %R (at 0 -2.6) (layer F.Fab)
      (effects (font (size 1 1) (thickness 0.15)))
    )
    (pad 2 smd rect (at 2.15 0 180) (size 1.9 2.6) (layers F.Cu F.Paste F.Mask)
      (net 8 "Net-(C9-Pad1)"))
    (pad 1 smd rect (at -2.15 0 180) (size 1.9 2.6) (layers F.Cu F.Paste F.Mask)
      (net 7 "Net-(C7-Pad1)"))
    (model ${KISYS3DMOD}/Crystal.3dshapes/Crystal_SMD_Abracon_ABM7-2Pin_6.0x3.5mm.wrl
      (at (xyz 0 0 0))
      (scale (xyz 1 1 1))
      (rotate (xyz 0 0 0))
    )
  )

  (module Crystal:Crystal_AT310_D3.0mm_L10.0mm_Horizontal_1EP_style1 (layer B.Cu) (tedit 6033DAE0) (tstamp 6033C4CC)
    (at 73.66 63.754 180)
    (descr "Crystal THT AT310 10.0mm-10.5mm length 3.0mm diameter http://www.cinetech.com.tw/upload/2011/04/20110401165201.pdf")
    (tags ['AT310'])
    (path /603491D1)
    (fp_text reference Y1 (at -1.85 -3 270) (layer B.SilkS)
      (effects (font (size 1 1) (thickness 0.15)) (justify mirror))
    )
    (fp_text value 32.768kHz (at 4.39 -3 270) (layer B.Fab)
      (effects (font (size 1 1) (thickness 0.15)) (justify mirror))
    )
    (fp_line (start -0.23 -3) (end -0.23 -13.5) (layer B.Fab) (width 0.1))
    (fp_line (start -0.23 -13.5) (end 2.77 -13.5) (layer B.Fab) (width 0.1))
    (fp_line (start 2.77 -13.5) (end 2.77 -3) (layer B.Fab) (width 0.1))
    (fp_line (start 2.77 -3) (end -0.23 -3) (layer B.Fab) (width 0.1))
    (fp_line (start 0.67 -3) (end 0 -1.5) (layer B.Fab) (width 0.1))
    (fp_line (start 0 -1.5) (end 0 0) (layer B.Fab) (width 0.1))
    (fp_line (start 1.87 -3) (end 2.54 -1.5) (layer B.Fab) (width 0.1))
    (fp_line (start 2.54 -1.5) (end 2.54 0) (layer B.Fab) (width 0.1))
    (fp_line (start -0.53 -3.3) (end -0.53 -2.8) (layer B.SilkS) (width 0.12))
    (fp_line (start -0.53 -2.8) (end 3.07 -2.8) (layer B.SilkS) (width 0.12))
    (fp_line (start 3.07 -2.8) (end 3.07 -3.3) (layer B.SilkS) (width 0.12))
    (fp_line (start 0.67 -2.8) (end 0 -1.4) (layer B.SilkS) (width 0.12))
    (fp_line (start 0 -1.4) (end 0 -0.7) (layer B.SilkS) (width 0.12))
    (fp_line (start 1.87 -2.8) (end 2.54 -1.4) (layer B.SilkS) (width 0.12))
    (fp_line (start 2.54 -1.4) (end 2.54 -0.7) (layer B.SilkS) (width 0.12))
    (fp_line (start -1 0.8) (end -1 -14.3) (layer B.CrtYd) (width 0.05))
    (fp_line (start -1 -14.3) (end 3.6 -14.3) (layer B.CrtYd) (width 0.05))
    (fp_line (start 3.6 -14.3) (end 3.6 0.8) (layer B.CrtYd) (width 0.05))
    (fp_line (start 3.6 0.8) (end -1 0.8) (layer B.CrtYd) (width 0.05))
    (fp_text user %R (at 1.25 -8.5 270) (layer B.Fab)
      (effects (font (size 0.8 0.8) (thickness 0.12)) (justify mirror))
    )
    (pad 3 smd rect (at 1.27 -8.75 180) (size 3.2 10.5) (layers B.Cu B.Paste B.Mask)
      (net 1 Earth))
    (pad 2 thru_hole circle (at 2.54 0 180) (size 1 1) (drill 0.5) (layers *.Cu *.Mask)
      (net 6 "Net-(C5-Pad1)"))
    (pad 1 thru_hole circle (at 0 0 180) (size 1 1) (drill 0.5) (layers *.Cu *.Mask)
      (net 5 "Net-(C4-Pad1)"))
    (model ${KISYS3DMOD}/Crystal.3dshapes/Crystal_AT310_D3.0mm_L10.0mm_Horizontal_1EP_style1.wrl
      (at (xyz 0 0 0))
      (scale (xyz 1 1 1))
      (rotate (xyz 0 0 0))
    )
  )

  (module Resistor_SMD:R_0603_1608Metric (layer F.Cu) (tedit 5F68FEEE) (tstamp 6033C4B1)
    (at 70.358 58.166 180)
    (descr "Resistor SMD 0603 (1608 Metric), square (rectangular) end terminal, IPC_7351 nominal, (Body size source: IPC-SM-782 page 72, https://www.pcb-3d.com/wordpress/wp-content/uploads/ipc-sm-782a_amendment_1_and_2.pdf), generated with kicad-footprint-generator")
    (tags resistor)
    (path /603D8D96)
    (attr smd)
    (fp_text reference R7 (at 0 -1.43) (layer F.SilkS)
      (effects (font (size 1 1) (thickness 0.15)))
    )
    (fp_text value 100k (at 0.2 0.86) (layer F.Fab)
      (effects (font (size 1 1) (thickness 0.15)))
    )
    (fp_line (start -0.8 0.4125) (end -0.8 -0.4125) (layer F.Fab) (width 0.1))
    (fp_line (start -0.8 -0.4125) (end 0.8 -0.4125) (layer F.Fab) (width 0.1))
    (fp_line (start 0.8 -0.4125) (end 0.8 0.4125) (layer F.Fab) (width 0.1))
    (fp_line (start 0.8 0.4125) (end -0.8 0.4125) (layer F.Fab) (width 0.1))
    (fp_line (start -0.237258 -0.5225) (end 0.237258 -0.5225) (layer F.SilkS) (width 0.12))
    (fp_line (start -0.237258 0.5225) (end 0.237258 0.5225) (layer F.SilkS) (width 0.12))
    (fp_line (start -1.48 0.73) (end -1.48 -0.73) (layer F.CrtYd) (width 0.05))
    (fp_line (start -1.48 -0.73) (end 1.48 -0.73) (layer F.CrtYd) (width 0.05))
    (fp_line (start 1.48 -0.73) (end 1.48 0.73) (layer F.CrtYd) (width 0.05))
    (fp_line (start 1.48 0.73) (end -1.48 0.73) (layer F.CrtYd) (width 0.05))
    (fp_text user %R (at 0 0) (layer F.Fab)
      (effects (font (size 0.4 0.4) (thickness 0.06)))
    )
    (pad 2 smd roundrect (at 0.825 0 180) (size 0.8 0.95) (layers F.Cu F.Paste F.Mask) (roundrect_rratio 0.25)
      (net 8 "Net-(C9-Pad1)"))
    (pad 1 smd roundrect (at -0.825 0 180) (size 0.8 0.95) (layers F.Cu F.Paste F.Mask) (roundrect_rratio 0.25)
      (net 7 "Net-(C7-Pad1)"))
    (model ${KISYS3DMOD}/Resistor_SMD.3dshapes/R_0603_1608Metric.wrl
      (at (xyz 0 0 0))
      (scale (xyz 1 1 1))
      (rotate (xyz 0 0 0))
    )
  )

  (module Resistor_SMD:R_0603_1608Metric locked (layer B.Cu) (tedit 5F68FEEE) (tstamp 6033C4A0)
    (at 79.2475 69.215 180)
    (descr "Resistor SMD 0603 (1608 Metric), square (rectangular) end terminal, IPC_7351 nominal, (Body size source: IPC-SM-782 page 72, https://www.pcb-3d.com/wordpress/wp-content/uploads/ipc-sm-782a_amendment_1_and_2.pdf), generated with kicad-footprint-generator")
    (tags resistor)
    (path /6047BFB9)
    (attr smd)
    (fp_text reference R6 (at 0 1.43) (layer B.SilkS)
      (effects (font (size 1 1) (thickness 0.15)) (justify mirror))
    )
    (fp_text value 100k (at 0 -1.43) (layer B.Fab)
      (effects (font (size 1 1) (thickness 0.15)) (justify mirror))
    )
    (fp_line (start -0.8 -0.4125) (end -0.8 0.4125) (layer B.Fab) (width 0.1))
    (fp_line (start -0.8 0.4125) (end 0.8 0.4125) (layer B.Fab) (width 0.1))
    (fp_line (start 0.8 0.4125) (end 0.8 -0.4125) (layer B.Fab) (width 0.1))
    (fp_line (start 0.8 -0.4125) (end -0.8 -0.4125) (layer B.Fab) (width 0.1))
    (fp_line (start -0.237258 0.5225) (end 0.237258 0.5225) (layer B.SilkS) (width 0.12))
    (fp_line (start -0.237258 -0.5225) (end 0.237258 -0.5225) (layer B.SilkS) (width 0.12))
    (fp_line (start -1.48 -0.73) (end -1.48 0.73) (layer B.CrtYd) (width 0.05))
    (fp_line (start -1.48 0.73) (end 1.48 0.73) (layer B.CrtYd) (width 0.05))
    (fp_line (start 1.48 0.73) (end 1.48 -0.73) (layer B.CrtYd) (width 0.05))
    (fp_line (start 1.48 -0.73) (end -1.48 -0.73) (layer B.CrtYd) (width 0.05))
    (fp_text user %R (at 2.794 -1.778) (layer B.Fab)
      (effects (font (size 0.4 0.4) (thickness 0.06)) (justify mirror))
    )
    (pad 2 smd roundrect (at 0.825 0 180) (size 0.8 0.95) (layers B.Cu B.Paste B.Mask) (roundrect_rratio 0.25)
      (net 46 /BOOT0))
    (pad 1 smd roundrect (at -0.825 0 180) (size 0.8 0.95) (layers B.Cu B.Paste B.Mask) (roundrect_rratio 0.25)
      (net 13 "Net-(J1-Pad4)"))
    (model ${KISYS3DMOD}/Resistor_SMD.3dshapes/R_0603_1608Metric.wrl
      (at (xyz 0 0 0))
      (scale (xyz 1 1 1))
      (rotate (xyz 0 0 0))
    )
  )

  (module Resistor_SMD:R_0603_1608Metric (layer F.Cu) (tedit 5F68FEEE) (tstamp 6033C48F)
    (at 77.406 89.408)
    (descr "Resistor SMD 0603 (1608 Metric), square (rectangular) end terminal, IPC_7351 nominal, (Body size source: IPC-SM-782 page 72, https://www.pcb-3d.com/wordpress/wp-content/uploads/ipc-sm-782a_amendment_1_and_2.pdf), generated with kicad-footprint-generator")
    (tags resistor)
    (path /6087DC70)
    (attr smd)
    (fp_text reference R5 (at 2.731 0) (layer F.SilkS)
      (effects (font (size 1 1) (thickness 0.15)))
    )
    (fp_text value 1k (at 0 1.43) (layer F.Fab)
      (effects (font (size 1 1) (thickness 0.15)))
    )
    (fp_line (start -0.8 0.4125) (end -0.8 -0.4125) (layer F.Fab) (width 0.1))
    (fp_line (start -0.8 -0.4125) (end 0.8 -0.4125) (layer F.Fab) (width 0.1))
    (fp_line (start 0.8 -0.4125) (end 0.8 0.4125) (layer F.Fab) (width 0.1))
    (fp_line (start 0.8 0.4125) (end -0.8 0.4125) (layer F.Fab) (width 0.1))
    (fp_line (start -0.237258 -0.5225) (end 0.237258 -0.5225) (layer F.SilkS) (width 0.12))
    (fp_line (start -0.237258 0.5225) (end 0.237258 0.5225) (layer F.SilkS) (width 0.12))
    (fp_line (start -1.48 0.73) (end -1.48 -0.73) (layer F.CrtYd) (width 0.05))
    (fp_line (start -1.48 -0.73) (end 1.48 -0.73) (layer F.CrtYd) (width 0.05))
    (fp_line (start 1.48 -0.73) (end 1.48 0.73) (layer F.CrtYd) (width 0.05))
    (fp_line (start 1.48 0.73) (end -1.48 0.73) (layer F.CrtYd) (width 0.05))
    (fp_text user %R (at 0 0) (layer F.Fab)
      (effects (font (size 0.4 0.4) (thickness 0.06)))
    )
    (pad 2 smd roundrect (at 0.825 0) (size 0.8 0.95) (layers F.Cu F.Paste F.Mask) (roundrect_rratio 0.25)
      (net 27 /PC13))
    (pad 1 smd roundrect (at -0.825 0) (size 0.8 0.95) (layers F.Cu F.Paste F.Mask) (roundrect_rratio 0.25)
      (net 12 "Net-(D3-Pad1)"))
    (model ${KISYS3DMOD}/Resistor_SMD.3dshapes/R_0603_1608Metric.wrl
      (at (xyz 0 0 0))
      (scale (xyz 1 1 1))
      (rotate (xyz 0 0 0))
    )
  )

  (module Resistor_SMD:R_0603_1608Metric (layer F.Cu) (tedit 5F68FEEE) (tstamp 6033C47E)
    (at 77.343 92.456)
    (descr "Resistor SMD 0603 (1608 Metric), square (rectangular) end terminal, IPC_7351 nominal, (Body size source: IPC-SM-782 page 72, https://www.pcb-3d.com/wordpress/wp-content/uploads/ipc-sm-782a_amendment_1_and_2.pdf), generated with kicad-footprint-generator")
    (tags resistor)
    (path /60851303)
    (attr smd)
    (fp_text reference R4 (at 2.794 0.254) (layer F.SilkS)
      (effects (font (size 1 1) (thickness 0.15)))
    )
    (fp_text value 1k (at 0 1.43) (layer F.Fab)
      (effects (font (size 1 1) (thickness 0.15)))
    )
    (fp_line (start -0.8 0.4125) (end -0.8 -0.4125) (layer F.Fab) (width 0.1))
    (fp_line (start -0.8 -0.4125) (end 0.8 -0.4125) (layer F.Fab) (width 0.1))
    (fp_line (start 0.8 -0.4125) (end 0.8 0.4125) (layer F.Fab) (width 0.1))
    (fp_line (start 0.8 0.4125) (end -0.8 0.4125) (layer F.Fab) (width 0.1))
    (fp_line (start -0.237258 -0.5225) (end 0.237258 -0.5225) (layer F.SilkS) (width 0.12))
    (fp_line (start -0.237258 0.5225) (end 0.237258 0.5225) (layer F.SilkS) (width 0.12))
    (fp_line (start -1.48 0.73) (end -1.48 -0.73) (layer F.CrtYd) (width 0.05))
    (fp_line (start -1.48 -0.73) (end 1.48 -0.73) (layer F.CrtYd) (width 0.05))
    (fp_line (start 1.48 -0.73) (end 1.48 0.73) (layer F.CrtYd) (width 0.05))
    (fp_line (start 1.48 0.73) (end -1.48 0.73) (layer F.CrtYd) (width 0.05))
    (fp_text user %R (at 0 0) (layer F.Fab)
      (effects (font (size 0.4 0.4) (thickness 0.06)))
    )
    (pad 2 smd roundrect (at 0.825 0) (size 0.8 0.95) (layers F.Cu F.Paste F.Mask) (roundrect_rratio 0.25)
      (net 1 Earth))
    (pad 1 smd roundrect (at -0.825 0) (size 0.8 0.95) (layers F.Cu F.Paste F.Mask) (roundrect_rratio 0.25)
      (net 11 "Net-(D2-Pad1)"))
    (model ${KISYS3DMOD}/Resistor_SMD.3dshapes/R_0603_1608Metric.wrl
      (at (xyz 0 0 0))
      (scale (xyz 1 1 1))
      (rotate (xyz 0 0 0))
    )
  )

  (module Resistor_SMD:R_0603_1608Metric (layer F.Cu) (tedit 5F68FEEE) (tstamp 6033C46D)
    (at 77.343 90.932)
    (descr "Resistor SMD 0603 (1608 Metric), square (rectangular) end terminal, IPC_7351 nominal, (Body size source: IPC-SM-782 page 72, https://www.pcb-3d.com/wordpress/wp-content/uploads/ipc-sm-782a_amendment_1_and_2.pdf), generated with kicad-footprint-generator")
    (tags resistor)
    (path /60803998)
    (attr smd)
    (fp_text reference R3 (at 2.54 0) (layer F.SilkS)
      (effects (font (size 1 1) (thickness 0.15)))
    )
    (fp_text value 1k (at 0 1.43) (layer F.Fab)
      (effects (font (size 1 1) (thickness 0.15)))
    )
    (fp_line (start -0.8 0.4125) (end -0.8 -0.4125) (layer F.Fab) (width 0.1))
    (fp_line (start -0.8 -0.4125) (end 0.8 -0.4125) (layer F.Fab) (width 0.1))
    (fp_line (start 0.8 -0.4125) (end 0.8 0.4125) (layer F.Fab) (width 0.1))
    (fp_line (start 0.8 0.4125) (end -0.8 0.4125) (layer F.Fab) (width 0.1))
    (fp_line (start -0.237258 -0.5225) (end 0.237258 -0.5225) (layer F.SilkS) (width 0.12))
    (fp_line (start -0.237258 0.5225) (end 0.237258 0.5225) (layer F.SilkS) (width 0.12))
    (fp_line (start -1.48 0.73) (end -1.48 -0.73) (layer F.CrtYd) (width 0.05))
    (fp_line (start -1.48 -0.73) (end 1.48 -0.73) (layer F.CrtYd) (width 0.05))
    (fp_line (start 1.48 -0.73) (end 1.48 0.73) (layer F.CrtYd) (width 0.05))
    (fp_line (start 1.48 0.73) (end -1.48 0.73) (layer F.CrtYd) (width 0.05))
    (fp_text user %R (at -0.162 0) (layer F.Fab)
      (effects (font (size 0.4 0.4) (thickness 0.06)))
    )
    (pad 2 smd roundrect (at 0.825 0) (size 0.8 0.95) (layers F.Cu F.Paste F.Mask) (roundrect_rratio 0.25)
      (net 1 Earth))
    (pad 1 smd roundrect (at -0.825 0) (size 0.8 0.95) (layers F.Cu F.Paste F.Mask) (roundrect_rratio 0.25)
      (net 10 "Net-(D1-Pad1)"))
    (model ${KISYS3DMOD}/Resistor_SMD.3dshapes/R_0603_1608Metric.wrl
      (at (xyz 0 0 0))
      (scale (xyz 1 1 1))
      (rotate (xyz 0 0 0))
    )
  )

  (module Resistor_SMD:R_0603_1608Metric (layer F.Cu) (tedit 5F68FEEE) (tstamp 6033C45C)
    (at 62.484 62.23)
    (descr "Resistor SMD 0603 (1608 Metric), square (rectangular) end terminal, IPC_7351 nominal, (Body size source: IPC-SM-782 page 72, https://www.pcb-3d.com/wordpress/wp-content/uploads/ipc-sm-782a_amendment_1_and_2.pdf), generated with kicad-footprint-generator")
    (tags resistor)
    (path /603466AF)
    (attr smd)
    (fp_text reference R2 (at 0 -1.43) (layer F.SilkS)
      (effects (font (size 1 1) (thickness 0.15)))
    )
    (fp_text value 10k (at 0 1.43) (layer F.Fab)
      (effects (font (size 1 1) (thickness 0.15)))
    )
    (fp_line (start -0.8 0.4125) (end -0.8 -0.4125) (layer F.Fab) (width 0.1))
    (fp_line (start -0.8 -0.4125) (end 0.8 -0.4125) (layer F.Fab) (width 0.1))
    (fp_line (start 0.8 -0.4125) (end 0.8 0.4125) (layer F.Fab) (width 0.1))
    (fp_line (start 0.8 0.4125) (end -0.8 0.4125) (layer F.Fab) (width 0.1))
    (fp_line (start -0.237258 -0.5225) (end 0.237258 -0.5225) (layer F.SilkS) (width 0.12))
    (fp_line (start -0.237258 0.5225) (end 0.237258 0.5225) (layer F.SilkS) (width 0.12))
    (fp_line (start -1.48 0.73) (end -1.48 -0.73) (layer F.CrtYd) (width 0.05))
    (fp_line (start -1.48 -0.73) (end 1.48 -0.73) (layer F.CrtYd) (width 0.05))
    (fp_line (start 1.48 -0.73) (end 1.48 0.73) (layer F.CrtYd) (width 0.05))
    (fp_line (start 1.48 0.73) (end -1.48 0.73) (layer F.CrtYd) (width 0.05))
    (fp_text user %R (at 0 0) (layer F.Fab)
      (effects (font (size 0.4 0.4) (thickness 0.06)))
    )
    (pad 2 smd roundrect (at 0.825 0) (size 0.8 0.95) (layers F.Cu F.Paste F.Mask) (roundrect_rratio 0.25)
      (net 3 /RESET))
    (pad 1 smd roundrect (at -0.825 0) (size 0.8 0.95) (layers F.Cu F.Paste F.Mask) (roundrect_rratio 0.25)
      (net 4 +3V3))
    (model ${KISYS3DMOD}/Resistor_SMD.3dshapes/R_0603_1608Metric.wrl
      (at (xyz 0 0 0))
      (scale (xyz 1 1 1))
      (rotate (xyz 0 0 0))
    )
  )

  (module Resistor_SMD:R_0603_1608Metric (layer F.Cu) (tedit 5F68FEEE) (tstamp 6033C44B)
    (at 82.296 76.644 270)
    (descr "Resistor SMD 0603 (1608 Metric), square (rectangular) end terminal, IPC_7351 nominal, (Body size source: IPC-SM-782 page 72, https://www.pcb-3d.com/wordpress/wp-content/uploads/ipc-sm-782a_amendment_1_and_2.pdf), generated with kicad-footprint-generator")
    (tags resistor)
    (path /60485CD6)
    (attr smd)
    (fp_text reference R1 (at 0 -1.43 90) (layer F.SilkS)
      (effects (font (size 1 1) (thickness 0.15)))
    )
    (fp_text value 100k (at 0 1.43 90) (layer F.Fab)
      (effects (font (size 1 1) (thickness 0.15)))
    )
    (fp_line (start -0.8 0.4125) (end -0.8 -0.4125) (layer F.Fab) (width 0.1))
    (fp_line (start -0.8 -0.4125) (end 0.8 -0.4125) (layer F.Fab) (width 0.1))
    (fp_line (start 0.8 -0.4125) (end 0.8 0.4125) (layer F.Fab) (width 0.1))
    (fp_line (start 0.8 0.4125) (end -0.8 0.4125) (layer F.Fab) (width 0.1))
    (fp_line (start -0.237258 -0.5225) (end 0.237258 -0.5225) (layer F.SilkS) (width 0.12))
    (fp_line (start -0.237258 0.5225) (end 0.237258 0.5225) (layer F.SilkS) (width 0.12))
    (fp_line (start -1.48 0.73) (end -1.48 -0.73) (layer F.CrtYd) (width 0.05))
    (fp_line (start -1.48 -0.73) (end 1.48 -0.73) (layer F.CrtYd) (width 0.05))
    (fp_line (start 1.48 -0.73) (end 1.48 0.73) (layer F.CrtYd) (width 0.05))
    (fp_line (start 1.48 0.73) (end -1.48 0.73) (layer F.CrtYd) (width 0.05))
    (fp_text user %R (at 0 0 90) (layer F.Fab)
      (effects (font (size 0.4 0.4) (thickness 0.06)))
    )
    (pad 2 smd roundrect (at 0.825 0 270) (size 0.8 0.95) (layers F.Cu F.Paste F.Mask) (roundrect_rratio 0.25)
      (net 14 "Net-(J1-Pad3)"))
    (pad 1 smd roundrect (at -0.825 0 270) (size 0.8 0.95) (layers F.Cu F.Paste F.Mask) (roundrect_rratio 0.25)
      (net 48 /BOOT1))
    (model ${KISYS3DMOD}/Resistor_SMD.3dshapes/R_0603_1608Metric.wrl
      (at (xyz 0 0 0))
      (scale (xyz 1 1 1))
      (rotate (xyz 0 0 0))
    )
  )

  (module Connector_PinHeader_2.54mm:PinHeader_1x20_P2.54mm_Vertical (layer F.Cu) (tedit 59FED5CC) (tstamp 6033C43A)
    (at 86.36 45.72)
    (descr "Through hole straight pin header, 1x20, 2.54mm pitch, single row")
    (tags "Through hole pin header THT 1x20 2.54mm single row")
    (path /6051B5E6)
    (fp_text reference J4 (at 0 -2.33) (layer F.SilkS)
      (effects (font (size 1 1) (thickness 0.15)))
    )
    (fp_text value Conn_01x20_Male (at 0 50.59) (layer F.Fab)
      (effects (font (size 1 1) (thickness 0.15)))
    )
    (fp_line (start -0.635 -1.27) (end 1.27 -1.27) (layer F.Fab) (width 0.1))
    (fp_line (start 1.27 -1.27) (end 1.27 49.53) (layer F.Fab) (width 0.1))
    (fp_line (start 1.27 49.53) (end -1.27 49.53) (layer F.Fab) (width 0.1))
    (fp_line (start -1.27 49.53) (end -1.27 -0.635) (layer F.Fab) (width 0.1))
    (fp_line (start -1.27 -0.635) (end -0.635 -1.27) (layer F.Fab) (width 0.1))
    (fp_line (start -1.33 49.59) (end 1.33 49.59) (layer F.SilkS) (width 0.12))
    (fp_line (start -1.33 1.27) (end -1.33 49.59) (layer F.SilkS) (width 0.12))
    (fp_line (start 1.33 1.27) (end 1.33 49.59) (layer F.SilkS) (width 0.12))
    (fp_line (start -1.33 1.27) (end 1.33 1.27) (layer F.SilkS) (width 0.12))
    (fp_line (start -1.33 0) (end -1.33 -1.33) (layer F.SilkS) (width 0.12))
    (fp_line (start -1.33 -1.33) (end 0 -1.33) (layer F.SilkS) (width 0.12))
    (fp_line (start -1.8 -1.8) (end -1.8 50.05) (layer F.CrtYd) (width 0.05))
    (fp_line (start -1.8 50.05) (end 1.8 50.05) (layer F.CrtYd) (width 0.05))
    (fp_line (start 1.8 50.05) (end 1.8 -1.8) (layer F.CrtYd) (width 0.05))
    (fp_line (start 1.8 -1.8) (end -1.8 -1.8) (layer F.CrtYd) (width 0.05))
    (fp_text user %R (at 0 24.13 90) (layer F.Fab)
      (effects (font (size 1 1) (thickness 0.15)))
    )
    (pad 20 thru_hole oval (at 0 48.26) (size 1.7 1.7) (drill 1) (layers *.Cu *.Mask)
      (net 30 /PB11))
    (pad 19 thru_hole oval (at 0 45.72) (size 1.7 1.7) (drill 1) (layers *.Cu *.Mask)
      (net 31 /PB12))
    (pad 18 thru_hole oval (at 0 43.18) (size 1.7 1.7) (drill 1) (layers *.Cu *.Mask)
      (net 32 /PB13))
    (pad 17 thru_hole oval (at 0 40.64) (size 1.7 1.7) (drill 1) (layers *.Cu *.Mask)
      (net 33 /PB14))
    (pad 16 thru_hole oval (at 0 38.1) (size 1.7 1.7) (drill 1) (layers *.Cu *.Mask)
      (net 34 /PB15))
    (pad 15 thru_hole oval (at 0 35.56) (size 1.7 1.7) (drill 1) (layers *.Cu *.Mask)
      (net 35 /PA8))
    (pad 14 thru_hole oval (at 0 33.02) (size 1.7 1.7) (drill 1) (layers *.Cu *.Mask)
      (net 36 /PA9))
    (pad 13 thru_hole oval (at 0 30.48) (size 1.7 1.7) (drill 1) (layers *.Cu *.Mask)
      (net 37 /PA10))
    (pad 12 thru_hole oval (at 0 27.94) (size 1.7 1.7) (drill 1) (layers *.Cu *.Mask)
      (net 38 /PA11))
    (pad 11 thru_hole oval (at 0 25.4) (size 1.7 1.7) (drill 1) (layers *.Cu *.Mask)
      (net 39 /PA12))
    (pad 10 thru_hole oval (at 0 22.86) (size 1.7 1.7) (drill 1) (layers *.Cu *.Mask)
      (net 40 /PA15))
    (pad 9 thru_hole oval (at 0 20.32) (size 1.7 1.7) (drill 1) (layers *.Cu *.Mask)
      (net 41 /PB3))
    (pad 8 thru_hole oval (at 0 17.78) (size 1.7 1.7) (drill 1) (layers *.Cu *.Mask)
      (net 42 /PB4))
    (pad 7 thru_hole oval (at 0 15.24) (size 1.7 1.7) (drill 1) (layers *.Cu *.Mask)
      (net 43 /PB5))
    (pad 6 thru_hole oval (at 0 12.7) (size 1.7 1.7) (drill 1) (layers *.Cu *.Mask)
      (net 44 /PB6))
    (pad 5 thru_hole oval (at 0 10.16) (size 1.7 1.7) (drill 1) (layers *.Cu *.Mask)
      (net 45 /PB7))
    (pad 4 thru_hole oval (at 0 7.62) (size 1.7 1.7) (drill 1) (layers *.Cu *.Mask)
      (net 46 /BOOT0))
    (pad 3 thru_hole oval (at 0 5.08) (size 1.7 1.7) (drill 1) (layers *.Cu *.Mask)
      (net 47 /PB9))
    (pad 2 thru_hole oval (at 0 2.54) (size 1.7 1.7) (drill 1) (layers *.Cu *.Mask)
      (net 1 Earth))
    (pad 1 thru_hole rect (at 0 0) (size 1.7 1.7) (drill 1) (layers *.Cu *.Mask)
      (net 4 +3V3))
    (model ${KISYS3DMOD}/Connector_PinHeader_2.54mm.3dshapes/PinHeader_1x20_P2.54mm_Vertical.wrl
      (at (xyz 0 0 0))
      (scale (xyz 1 1 1))
      (rotate (xyz 0 0 0))
    )
  )

  (module Connector_PinHeader_2.54mm:PinHeader_1x04_P2.54mm_Horizontal (layer F.Cu) (tedit 59FED5CB) (tstamp 6033C412)
    (at 67.056 50.546 90)
    (descr "Through hole angled pin header, 1x04, 2.54mm pitch, 6mm pin length, single row")
    (tags "Through hole angled pin header THT 1x04 2.54mm single row")
    (path /603E58FB)
    (fp_text reference J3 (at 4.385 -2.27 90) (layer F.SilkS)
      (effects (font (size 1 1) (thickness 0.15)))
    )
    (fp_text value Conn_01x04_Male (at 4.385 9.89 90) (layer F.Fab)
      (effects (font (size 1 1) (thickness 0.15)))
    )
    (fp_line (start 2.135 -1.27) (end 4.04 -1.27) (layer F.Fab) (width 0.1))
    (fp_line (start 4.04 -1.27) (end 4.04 8.89) (layer F.Fab) (width 0.1))
    (fp_line (start 4.04 8.89) (end 1.5 8.89) (layer F.Fab) (width 0.1))
    (fp_line (start 1.5 8.89) (end 1.5 -0.635) (layer F.Fab) (width 0.1))
    (fp_line (start 1.5 -0.635) (end 2.135 -1.27) (layer F.Fab) (width 0.1))
    (fp_line (start -0.32 -0.32) (end 1.5 -0.32) (layer F.Fab) (width 0.1))
    (fp_line (start -0.32 -0.32) (end -0.32 0.32) (layer F.Fab) (width 0.1))
    (fp_line (start -0.32 0.32) (end 1.5 0.32) (layer F.Fab) (width 0.1))
    (fp_line (start 4.04 -0.32) (end 10.04 -0.32) (layer F.Fab) (width 0.1))
    (fp_line (start 10.04 -0.32) (end 10.04 0.32) (layer F.Fab) (width 0.1))
    (fp_line (start 4.04 0.32) (end 10.04 0.32) (layer F.Fab) (width 0.1))
    (fp_line (start -0.32 2.22) (end 1.5 2.22) (layer F.Fab) (width 0.1))
    (fp_line (start -0.32 2.22) (end -0.32 2.86) (layer F.Fab) (width 0.1))
    (fp_line (start -0.32 2.86) (end 1.5 2.86) (layer F.Fab) (width 0.1))
    (fp_line (start 4.04 2.22) (end 10.04 2.22) (layer F.Fab) (width 0.1))
    (fp_line (start 10.04 2.22) (end 10.04 2.86) (layer F.Fab) (width 0.1))
    (fp_line (start 4.04 2.86) (end 10.04 2.86) (layer F.Fab) (width 0.1))
    (fp_line (start -0.32 4.76) (end 1.5 4.76) (layer F.Fab) (width 0.1))
    (fp_line (start -0.32 4.76) (end -0.32 5.4) (layer F.Fab) (width 0.1))
    (fp_line (start -0.32 5.4) (end 1.5 5.4) (layer F.Fab) (width 0.1))
    (fp_line (start 4.04 4.76) (end 10.04 4.76) (layer F.Fab) (width 0.1))
    (fp_line (start 10.04 4.76) (end 10.04 5.4) (layer F.Fab) (width 0.1))
